17.315484075021075,8.997388514219567,27.77699859747546,0.0
17.120927225447296,8.916314807196539,27.511186639857996,0.4698457223001402
17.02067897617311,8.843363190555936,27.33314203848177,0.4957924263674614
17.02688206727091,8.69358737138101,27.10956846346862,0.5638148667601683
16.943715025540538,8.57944437144774,26.873049956718972,0.542075736325386
16.793321889078026,8.421683558029153,26.654883086430576,0.573632538569425
16.6116363244455,8.320550940562379,26.474344004755437,0.5953716690042076
16.517534834848114,8.170554580513246,26.322370745858173,0.6107994389901823
16.439103758196975,8.050238194407672,26.193991469801897,0.6542776998597477
16.350631827631755,7.918394665001697,26.052879558204772,0.6507713884992988
16.22992519920727,7.758501296749584,25.890639038941973,0.5904628330995794
16.108900297525366,7.61542621456627,25.754124024807155,0.6430575035063113
15.989946184402724,7.498779011832861,25.64089310955032,0.6858345021037868
15.851987960663939,7.387218380664354,25.53078500284888,0.685133239831697
15.687335777089714,7.272094482638361,25.417740702796287,0.6851332398316972
15.538721208351497,7.180538437604613,25.331036539599406,0.7636746143057505
15.395582018437116,7.099634846404848,25.25585800534713,0.815568022440393
15.2400667278877,7.019361343914643,25.193441211759293,0.8548387096774195
15.108980599280459,6.955336794887246,25.128937409602912,0.9032258064516131
14.878725593785513,6.836517495516611,25.032958984375004,0.7587657784011221
14.671098511399144,6.683587927937153,24.92114394777788,0.73492286115007
14.513609416166192,6.553435462409318,24.81912364130435,0.7805049088359046
14.318217436657573,6.420866957415413,24.710460518386224,0.76507713884993
14.142052957580118,6.290476662440082,24.595301816707575,0.8036465638148667
13.985186383556666,6.149798594492182,24.484407871669006,0.7664796633941094
13.804672342924166,6.021166480610412,24.371212909800143,0.7812061711079945
13.585776260374566,5.844929958887418,24.253448443526477,0.7503506311360448
13.394392800216133,5.682518123076443,24.143350609221603,0.8106591865357645
13.22679039934878,5.584549452320878,24.048474754558207,0.9214586255259466
13.026603360734047,5.4560403642443065,23.954644972278228,0.8948106591865359
12.804625659944898,5.339454562472788,23.860087561908312,0.8913043478260871
12.590673199350535,5.182363999977684,23.764009836846952,0.868162692847125
12.393247839723177,5.088557469684213,23.668661451941624,0.958625525946704
12.213209620374624,4.94173833399722,23.57126201185572,0.9551192145862553
12.02164963580742,4.787191044896216,23.463730564625703,0.9011220196353437
11.870352710986724,4.660055505104482,23.36202699037956,0.9824684431977561
11.73034838586435,4.541987156555332,23.267505533397618,0.9516129032258067
11.612637582513747,4.45085448836821,23.179164635014903,0.9971949509116408
11.493998590383855,4.368602037312114,23.094742655921287,1.0154277699859748
11.34780425010906,4.281513438347102,23.001128593969145,0.9368863955119217
11.178788425833739,4.189727141852454,22.893258157652525,0.9046283309957928
11.015849092327596,4.109382591460557,22.779674556780332,0.9004207573632542
10.84564602998218,4.042217032369098,22.66993112015691,0.8906030855539973
10.70568342953054,4.000508549998733,22.561636091448985,0.9460028050490883
10.560896409376127,3.9708782440036843,22.45859881771564,0.9053295932678822
10.530842336808206,3.9373874129316606,22.354804810768762,0.9354838709677419
10.413362787235373,3.9177880799169182,22.22744592610449,0.8576437587657785
10.237297159282877,3.9129823653584497,22.093261033923564,0.829593267882188
10.049739349264227,3.9202998058412986,21.951626942167778,0.8211781206171109
9.844826711224266,3.933967069176969,21.80073913317409,0.7861150070126227
9.679002887189649,3.945039194298597,21.6527190348878,0.8639551192145863
9.55318500691568,3.909544230031743,21.52906163711869,0.8962131837307152
9.424816076578498,3.9286928198572575,21.404344470437415,0.8702664796633941
9.293083460916511,3.961870855236706,21.26128765175754,0.8520336605890603
9.117364602625576,4.008607390029051,21.14262948698282,0.8842917251051895
9.063462199057684,4.0048216012177855,21.068159748093446,1.0778401122019639
8.97471659431182,3.9974866034041954,20.91430492855891,0.8078541374474055
8.88875341928687,3.975261348703994,20.718752739305753,0.6451612903225807
8.833559438064407,3.9559872369855777,20.510144334019987,0.623422159887798
8.820568543234177,3.949793342060934,20.29263147297949,0.626227208976157
8.840925326883406,3.949304422610549,20.066948632538573,0.5736325385694251
8.878592315222877,3.952997583939365,19.825983890142883,0.544179523141655
8.922607409675157,3.947686957439753,19.60207475017532,0.5715287517531558
8.969485165075616,3.9306441846630507,19.386600959852736,0.5743338008415149
9.014188439208018,3.9107259271661343,19.15769258689078,0.5792426367461433
9.043105474663228,3.897079671637544,18.92545253330996,0.5357643758765779
9.0600194463466,3.886620450432949,18.684799386943375,0.5364656381486677
9.06608732094834,3.8785381643560393,18.46858084786992,0.6044880785413745
9.044047878611114,3.8641604746483287,18.23447464224667,0.5231416549789621
8.99727053973474,3.835693855241892,17.994052624802773,0.5238429172510518
8.949519611691521,3.7921909672985725,17.763695843925316,0.5722300140252454
8.888473480788381,3.746163046517262,17.532787777765606,0.5364656381486677
8.830196749585053,3.7103363813125165,17.331303279496847,0.6605890603085555
8.746999169204665,3.6700921577210956,17.111248000306805,0.5680224403927069
8.650455344499061,3.6340845761307117,16.90681532422423,0.6199158485273494
8.552901415617448,3.6015539313926808,16.71902050644285,0.7026647966339411
8.455018788129896,3.57228827550866,16.54566867823019,0.7524544179523142
8.331703302055757,3.543871364907707,16.347320685045585,0.6339410939691444
8.208978374481608,3.520181571960778,16.152850521563817,0.6472650771388498
8.135938699359642,3.506042765168972,16.035455861566447,0.9403927068723703
8.083855553355072,3.4957760077026903,15.925801452379911,1.0568022440392708
7.984211976206159,3.475478424473739,15.731961329220724,0.6486676016830295
7.899958846208927,3.4566920483758174,15.548931191378859,0.7117812061711083
7.809998465176749,3.4331475630161035,15.324732712241412,0.5799438990182328
7.731402110559773,3.4038246961438103,15.09469266359134,0.5469845722300141
7.672351019011778,3.365566427134247,14.861185681100983,0.5750350631136045
7.622894490971011,3.309791199490437,14.629132242724406,0.5378681626928471
7.590148557797532,3.2525388456554194,14.417580795823108,0.6086956521739131
7.556268648221176,3.186767510202575,14.184581440929612,0.5350631136044881
7.5210364815301585,3.117728425481976,13.947842933686887,0.5490883590462834
7.492321344891739,3.0376484968876607,13.71717198868119,0.5659186535764376
7.472916720814582,2.944109362184582,13.504169565765254,0.6072931276297336
7.460652318681327,2.843857220485199,13.309154109232557,0.6486676016830296
7.444923506854092,2.730342257832878,13.117444652327315,0.6514726507713885
7.421826704107286,2.6185935054503378,12.92989808412956,0.7012622720897616
7.387245435156667,2.5057431984820453,12.74263657493645,0.7075736325385695
7.337057943201618,2.3824669847376057,12.543617451843007,0.615007012622721
7.277109981103696,2.283537673056476,12.335437063080734,0.6570827489481067
7.200588040675487,2.1911951447277263,12.123667327752456,0.5701262272089763
7.126363974330774,2.1280368997697914,11.915149661969672,0.6591865357643761
7.019571669932293,2.061255952729216,11.687568996263588,0.5406732117812062
6.909122965496754,1.991187984870566,11.456983654562588,0.5757363253856943
6.805139068823804,1.9151042402292098,11.253666389540236,0.608695652173913
6.717837303972476,1.8422966783379444,11.063673278894198,0.6802244039270687
6.6330677869991215,1.76130397787684,10.872393550578542,0.6521739130434783
6.557628008233566,1.6772635431357832,10.675071084984223,0.6500701262272092
6.501475677730566,1.5911005842627202,10.474438339597214,0.6605890603085554
6.472368834538201,1.5017518467402777,10.277219454001578,0.644460028050491
6.459498121155968,1.4084616729324684,10.070534554972388,0.6311360448807855
6.457790762068005,1.321377287773611,9.85561376199816,0.6164095371669004
6.463646602816643,1.2471344162867273,9.638394520292778,0.5757363253856943
6.478254465522121,1.1824246542093522,9.414905692551281,0.5771388499298739
6.4947408585478605,1.1178605020771628,9.185284244061187,0.5806451612903226
6.513947808821019,1.0544822149611837,8.957512682985625,0.5813464235624124
6.542992280512095,0.9957122347482131,8.723641886450299,0.5504908835904628
6.580512819961872,0.9498383389155038,8.489480038678998,0.5483870967741935
6.626897867785983,0.9124463649250778,8.254546049099318,0.5785413744740534
6.701716478029975,0.8761250172200082,8.01903766134511,0.5511921458625526
6.8020648632346274,0.8368728800875971,7.794176612629296,0.5848527349228612
6.939306490191365,0.8020290163410814,7.5696887943219675,0.5820476858345022
7.1024219924128715,0.7775325499321702,7.345279731054962,0.5890603085553998
7.269406918168259,0.7537494226541676,7.1338515529124304,0.6185133239831698
